4 5 1 3 2
8 8 3 4 7
11 10 8 5 11
12 13 10 9 16
13 15 14 14 19
14 18 18 19 21
15 23 22 21 24
16 28 24 25 27
17 32 26 30 30
22 35 28 34 31
27 38 29 36 35
32 40 33 37 38
35 44 34 39 43
36 48 36 42 48
38 53 39 43 52
40 58 43 44 55
42 61 48 45 59
47 63 52 48 60
52 65 56 51 61
57 67 60 54 62
62 68 63 58 64
66 71 65 63 65
68 75 66 68 68
73 79 69 70 69
78 83 72 72 70
83 87 74 73 73
84 92 78 76 75
85 94 82 81 78
86 98 84 84 83
87 102 87 86 88
88 105 89 90 93
89 108 94 92 97
92 112 99 93 99
93 116 102 95 104
96 118 106 96 109
101 122 109 98 110
102 124 114 102 113
106 125 119 105 115
109 126 124 107 119
114 127 126 110 123
119 128 128 113 127
124 131 132 114 129
129 135 133 116 132
130 137 136 120 137
134 138 138 123 142
137 142 139 125 147
141 145 140 127 152
144 149 142 132 153
149 153 144 135 154
154 154 146 139 157
156 159 149 143 158
160 164 152 145 159
163 165 156 150 161
165 166 160 155 164
170 168 164 156 167
175 170 168 157 170
176 175 172 160 172
177 178 176 165 174
180 183 178 166 178
185 186 180 167 182
189 191 181 169 185
192 196 183 173 186
193 201 187 175 189
195 206 190 179 190
199 208 191 184 193
204 209 194 188 195
209 211 197 192 196
214 215 200 193 198
219 219 202 194 201
221 222 203 198 206
225 223 208 200 209
230 225 211 201 213
233 229 213 202 218
235 234 214 205 222
239 236 215 208 227
243 237 218 210 232
244 239 222 213 237
246 244 226 214 240
249 246 227 218 245
254 248 228 221 249
259 250 232 222 252
261 251 236 227 255
263 252 239 231 260
265 255 240 236 264
268 256 244 241 266
272 258 247 246 267
273 261 251 251 269
274 265 256 253 272
276 268 260 258 273
278 272 261 263 276
281 276 262 265 281
283 277 265 269 286
284 281 267 272 291
285 286 269 276 294
289 289 271 277 299
293 292 273 278 304
295 295 274 282 309
297 298 279 286 310
301 303 281 289 311
306 306 282 293 313
307 309 284 298 317
310 311 285 303 321
315 312 287 306 325
319 313 289 309 330
324 316 290 311 334
328 318 291 314 339
331 320 292 319 343
334 325 293 321 347
339 329 296 323 348
344 330 298 326 352
348 332 303 327 355
351 333 307 332 357
354 334 312 336 359
357 335 316 338 364
361 336 318 343 367
363 340 319 348 370
366 344 320 350 375
370 349 322 353 376
375 352 323 355 380
379 357 325 358 381
381 360 330 362 382
386 363 334 363 384
390 366 335 368 386
395 368 336 372 389
398 373 337 374 393
399 378 339 378 396
400 381 341 382 401
405 384 343 383 405
410 386 346 384 409
415 388 349 385 413
420 389 352 389 415
425 391 355 393 416
428 393 360 397 417
429 396 365 401 419
432 398 370 405 420
437 401 374 406 422
441 404 376 411 423
446 405 378 415 426
447 410 381 419 428
448 412 384 423 433
450 415 388 424 438
451 417 392 427 443
456 421 394 430 444
461 424 395 434 446
464 426 399 439 447
466 427 403 444 450
467 429 408 447 454
469 430 413 450 458
471 433 414 454 463
474 437 415 456 468
479 441 418 457 470
483 444 423 458 472
487 447 428 459 474
491 450 429 461 479
495 453 431 466 480
497 454 434 471 484
498 459 438 474 486
503 462 442 475 488
507 463 445 480 490
510 467 446 485 492
513 472 447 487 496
515 476 448 490 501
516 480 450 493 506
521 484 452 494 509
522 489 456 497 511
526 494 459 499 512
528 495 463 502 517
532 496 465 505 522
533 501 468 509 524
537 502 470 512 529
541 503 473 514 534
545 506 475 515 539
548 507 479 520 541
551 508 483 525 543
553 513 486 529 544
555 518 487 532 548
557 523 488 535 552
562 524 490 539 555
567 525 493 541 559
570 530 497 543 560
571 533 502 547 562
576 534 506 550 564
578 538 509 551 569
580 543 510 554 573
584 548 511 556 576
588 553 512 558 579
591 555 517 562 580
594 560 519 563 584
595 564 524 566 586
598 569 528 568 587
602 574 529 571 589
606 577 531 576 590
609 578 535 578 595
613 580 540 581 596
614 583 544 583 601
617 584 548 585 606
619 589 552 588 607
620 592 554 593 611
623 593 558 595 616
625 596 559 599 621
629 599 561 604 622
634 600 565 607 624
639 602 569 610 625
644 606 570 612 628
649 609 571 614 632
654 612 575 615 634
658 617 576 618 636
659 621 581 620 639
661 624 586 624 640
665 627 591 625 642
670 630 595 627 643
674 635 597 630 644
677 640 601 631 646
679 645 602 634 650
681 650 603 637 654
683 653 607 638 659
686 654 609 643 663
690 655 611 648 666
695 657 615 649 669
700 661 618 650 671
705 665 620 651 674
706 669 623 653 679
710 674 625 654 682
711 679 627 657 686
713 683 632 660 687
714 686 637 664 689
716 690 640 669 690
717 693 642 673 695
718 697 647 675 698
719 701 650 680 700
723 703 653 685 701
724 706 657 690 703
726 707 661 695 706
727 710 665 697 711
731 713 666 699 716
735 716 668 700 721
740 717 672 702 724
744 719 677 705 725
748 720 682 707 728
750 723 687 708 732
753 727 692 710 733
757 729 697 711 736
762 730 701 714 738
767 733 705 715 740
772 737 707 716 743
777 739 708 719 747
782 740 711 721 751
787 742 712 725 754
792 745 714 726 758
797 747 715 730 761
801 752 716 732 764
805 755 717 737 766
809 758 719 742 767
813 759 722 744 772
818 760 724 747 776
822 765 725 749 779
824 769 726 752 784
827 773 728 753 789
830 774 732 755 794
834 779 733 757 797
836 784 737 758 800
840 789 740 760 801
841 791 744 765 804
846 793 747 766 808
851 797 749 767 811
854 802 751 768 815
858 804 754 769 820
861 809 755 771 824
863 813 756 774 829
864 816 761 776 833
869 817 764 778 837
874 821 767 779 839
875 825 769 784 842
878 830 771 788 843
883 833 772 792 845
888 834 775 794 849
891 839 776 796 853
893 844 780 797 856
898 845 782 801 859
899 849 785 806 861
900 852 787 810 866
905 855 789 814 867
910 858 790 816 871
911 860 794 821 874
912 862 799 824 878
917 865 800 826 882
921 868 801 828 887
923 871 802 833 891
924 874 804 837 896
927 878 805 842 898
930 880 810 846 899
933 884 812 851 900
935 888 815 856 901
936 892 817 861 904
937 897 819 865 907
939 902 820 869 910
942 907 822 870 914
944 911 825 871 919
945 913 830 874 923
946 916 834 876 928
947 920 839 879 930
951 921 844 882 932
954 926 848 883 934
955 931 852 886 936
958 936 856 887 938
961 941 860 889 939
965 946 861 892 941
970 948 864 896 942
974 951 866 901 943
978 956 868 902 946
979 959 870 906 951
983 961 871 909 956
986 966 872 913 958
988 971 875 914 962
990 974 879 915 967
993 976 883 916 972
996 981 885 917 976
1000 984 886 919 981
1002 988 887 922 986
1005 989 889 927 990
1010 992 893 929 991
1013 996 894 931 996
1015 1000 895 936 999
1019 1001 898 941 1001
1021 1005 899 946 1004
1022 1009 904 949 1006
1023 1014 907 953 1008
1027 1015 910 955 1013
1028 1017 914 958 1018
1029 1021 919 961 1020
1033 1023 924 964 1021
1037 1028 927 966 1022
1042 1030 931 967 1025
1047 1031 934 969 1029
1050 1032 938 971 1034
1054 1033 940 976 1037
1057 1035 941 980 1042
1062 1036 944 982 1046
1067 1039 948 983 1048
1071 1044 950 984 1051
1075 1049 953 985 1053
1079 1054 956 987 1054
1081 1059 957 990 1058
1086 1063 958 992 1061
1091 1064 960 995 1065
1093 1068 963 996 1070
1096 1073 967 997 1072
1100 1078 970 999 1073
1105 1080 971 1003 1076
1110 1082 972 1007 1079
1114 1087 973 1009 1082
1115 1092 975 1013 1085
1120 1094 979 1014 1088
1125 1098 981 1015 1091
1129 1101 986 1016 1093
1133 1104 991 1018 1094
1136 1108 996 1019 1096
1139 1113 998 1023 1097
1144 1116 1000 1027 1098
1149 1118 1003 1028 1102
1150 1120 1007 1033 1105
1155 1124 1009 1034 1108
1156 1128 1014 1037 1110
1158 1133 1018 1040 1111
1160 1138 1021 1044 1112
1161 1140 1026 1047 1116
1163 1141 1029 1051 1121
1166 1143 1030 1056 1125
1167 1145 1033 1060 1130
1168 1147 1038 1064 1133
1169 1149 1042 1067 1138
1174 1152 1046 1069 1139
1179 1154 1050 1072 1140
1182 1159 1054 1074 1141
1185 1163 1055 1076 1146
1190 1167 1056 1079 1148
1192 1172 1059 1080 1152
1193 1174 1063 1083 1157
1195 1175 1067 1086 1162
1196 1178 1069 1091 1166
1199 1179 1071 1095 1171
1201 1180 1075 1098 1176
1203 1181 1079 1101 1181
1204 1184 1081 1105 1186
1205 1187 1083 1109 1191
1207 1192 1084 1113 1194
1209 1193 1088 1118 1197
1211 1194 1093 1122 1200
1215 1195 1098 1125 1202
1218 1197 1102 1126 1207
1220 1200 1103 1130 1212
1221 1202 1106 1134 1217
1222 1206 1108 1139 1220
1224 1211 1109 1143 1223
1225 1213 1113 1146 1228
1227 1217 1116 1147 1233
1229 1221 1121 1148 1236
1233 1226 1124 1150 1237
1236 1228 1129 1151 1241
1239 1229 1131 1155 1246
1240 1233 1136 1158 1248
1243 1235 1141 1159 1252
1245 1240 1144 1163 1253
1250 1242 1147 1167 1254
1255 1246 1148 1170 1256
1260 1247 1152 1172 1259
1263 1251 1157 1173 1261
1268 1254 1161 1174 1263
1270 1259 1162 1177 1267
1275 1263 1164 1180 1268
1280 1265 1167 1181 1272
1285 1268 1169 1182 1276
1289 1270 1174 1183 1279
1293 1271 1179 1185 1282
1297 1272 1184 1188 1284
1300 1274 1189 1189 1288
1302 1278 1192 1190 1293
1306 1279 1195 1192 1298
1308 1283 1198 1193 1303
1312 1288 1199 1195 1306
1314 1291 1200 1199 1311
1317 1292 1202 1203 1316
1319 1293 1205 1207 1321
1324 1297 1207 1208 1324
1329 1298 1210 1212 1326
1330 1302 1212 1217 1329
1334 1305 1213 1222 1331
1336 1308 1214 1227 1335
1338 1309 1217 1232 1339
1339 1311 1221 1235 1344
1340 1313 1226 1238 1348
1343 1314 1230 1243 1350
1347 1316 1233 1248 1351
1352 1319 1235 1252 1352
1356 1322 1240 1254 1353
1360 1324 1243 1259 1354
1362 1327 1248 1260 1358
1363 1329 1253 1263 1362
1365 1332 1257 1264 1367
1369 1334 1258 1267 1372
1374 1336 1259 1271 1375
1379 1338 1262 1272 1379
1384 1339 1266 1274 1382
1388 1341 1271 1277 1383
1393 1342 1274 1279 1387
1398 1343 1278 1281 1390
1403 1346 1282 1282 1392
1407 1347 1287 1285 1394
1411 1348 1290 1287 1399
1412 1353 1294 1290 1401
1413 1358 1297 1294 1403
1417 1359 1299 1297 1408
1422 1362 1301 1301 1409
1425 1367 1302 1305 1411
1428 1368 1307 1309 1413
1433 1372 1308 1312 1415
1438 1376 1309 1314 1418
1442 1379 1311 1319 1419
1445 1381 1312 1324 1423
1449 1382 1314 1327 1428
1454 1385 1315 1329 1432
1456 1388 1316 1334 1436
1457 1390 1320 1339 1439
1458 1394 1323 1344 1441
1463 1395 1327 1346 1444
1468 1398 1329 1350 1445
1472 1400 1330 1355 1448
1475 1404 1331 1360 1450
1479 1407 1333 1361 1455
1480 1412 1336 1363 1459
1482 1415 1337 1368 1463
1483 1419 1339 1371 1468
1484 1421 1343 1374 1473
1488 1426 1344 1377 1475
1493 1429 1345 1379 1479
1497 1432 1347 1384 1480
1501 1435 1348 1389 1482
1505 1436 1350 1394 1485
1507 1440 1351 1399 1488
1509 1445 1354 1400 1492
1513 1450 1357 1401 1494
1518 1454 1360 1403 1495
1523 1456 1363 1407 1496
1527 1459 1368 1409 1497
1531 1460 1373 1411 1500
1534 1461 1377 1416 1502
1535 1463 1382 1420 1505
1538 1465 1387 1424 1506
1543 1469 1388 1427 1508
1545 1470 1393 1430 1512
1547 1471 1397 1433 1517
1551 1472 1400 1435 1522
1555 1474 1401 1438 1527
1559 1477 1402 1443 1529
1562 1481 1404 1448 1530
1563 1486 1406 1452 1533
1566 1491 1410 1454 1534
1567 1493 1414 1457 1539
1569 1496 1419 1458 1543
1570 1501 1423 1460 1546
1574 1506 1424 1462 1549
1577 1510 1425 1464 1554
1581 1515 1426 1466 1557
1586 1516 1429 1468 1561
1590 1517 1431 1473 1564
1595 1518 1435 1476 1566
1599 1520 1436 1479 1571
1603 1523 1437 1481 1576
1608 1524 1440 1483 1580
1613 1527 1442 1484 1584
1618 1528 1444 1487 1588
1619 1531 1449 1491 1590
1620 1533 1453 1496 1593
1624 1535 1454 1501 1596
1628 1537 1457 1506 1597
1630 1540 1458 1510 1602
1634 1543 1459 1515 1604
1638 1546 1461 1520 1605
1641 1548 1466 1524 1606
1642 1551 1470 1529 1608
1645 1552 1474 1531 1613
1650 1554 1478 1532 1616
1655 1558 1481 1533 1618
1660 1561 1485 1535 1619
1665 1565 1487 1538 1620
1668 1567 1491 1539 1625
1669 1569 1495 1542 1630
1673 1572 1497 1543 1635
1677 1575 1499 1544 1640
1680 1576 1501 1548 1645
1684 1578 1502 1553 1648
1685 1580 1505 1558 1652
1687 1581 1508 1563 1656
1690 1586 1509 1567 1658
1693 1591 1511 1571 1659
1694 1596 1514 1573 1663
1697 1597 1516 1577 1668
1699 1598 1520 1582 1671
1702 1599 1524 1587 1673
1705 1603 1525 1592 1675
1707 1608 1526 1595 1679
1710 1613 1527 1599 1681
1713 1618 1528 1603 1683
1716 1623 1529 1607 1685
1718 1628 1532 1611 1686
1719 1630 1536 1614 1691
1720 1635 1539 1616 1695
1722 1639 1540 1619 1700
1727 1641 1544 1620 1703
1732 1642 1547 1622 1707
1734 1647 1550 1623 1711
1736 1651 1553 1628 1712
1737 1655 1556 1633 1714
1740 1656 1561 1637 1716
1741 1661 1563 1641 1719
1743 1666 1564 1645 1722
1745 1670 1567 1650 1723
1750 1672 1568 1654 1726
1755 1676 1571 1655 1728
1758 1677 1575 1660 1730
1763 1679 1576 1664 1733
1768 1682 1577 1666 1737
1773 1685 1578 1668 1741
1774 1690 1580 1671 1745
1779 1693 1584 1672 1747
1780 1696 1588 1677 1749
1784 1699 1590 1682 1750
1789 1702 1591 1684 1754
1794 1705 1592 1688 1756
1799 1707 1593 1692 1759
1804 1710 1594 1696 1761
1807 1711 1599 1700 1763
1810 1715 1600 1705 1765
1814 1716 1603 1710 1767
1817 1717 1605 1715 1771
1819 1718 1609 1720 1774
1823 1720 1612 1725 1775
1827 1722 1617 1726 1778
1828 1725 1621 1728 1783
1832 1726 1623 1731 1788
1836 1727 1625 1736 1791
1840 1729 1628 1741 1792
1843 1731 1632 1746 1793
1846 1733 1637 1747 1797
1850 1734 1642 1750 1799
1852 1738 1645 1755 1800
1854 1741 1646 1760 1804
1855 1746 1649 1762 1808
1858 1748 1653 1763 1813
1862 1751 1654 1765 1818
1867 1753 1655 1768 1822
1872 1754 1657 1772 1825
1876 1756 1660 1773 1830
1879 1758 1665 1774 1834
1882 1760 1670 1778 1835
1884 1763 1674 1779 1840
1885 1765 1679 1783 1843
1889 1767 1684 1786 1844
1891 1768 1687 1791 1848
1892 1771 1689 1796 1852
1894 1772 1692 1800 1857
1895 1775 1694 1805 1861
1897 1780 1697 1809 1862
1899 1783 1702 1810 1866
1901 1784 1705 1814 1871
1902 1788 1707 1817 1876
1903 1792 1709 1820 1881
1908 1796 1711 1821 1884
1909 1800 1716 1824 1886
1910 1805 1720 1827 1888
1914 1808 1725 1829 1889
1916 1812 1730 1832 1890
1921 1815 1732 1833 1894
1922 1820 1734 1837 1897
1924 1825 1737 1841 1898
1926 1829 1740 1846 1899
1931 1831 1743 1847 1903
1935 1833 1748 1848 1906
1939 1834 1753 1851 1908
1942 1835 1757 1853 1913
1943 1840 1759 1856 1917
1945 1845 1762 1857 1921
1948 1850 1764 1861 1922
1950 1855 1767 1865 1923
1951 1860 1771 1867 1926
1953 1865 1774 1871 1927
1954 1868 1778 1876 1929
1959 1870 1781 1880 1930
1961 1875 1785 1883 1931
1962 1880 1789 1886 1933
1965 1885 1793 1887 1935
1969 1890 1796 1889 1936
1972 1891 1801 1893 1938
1973 1893 1805 1898 1941
1977 1894 1810 1900 1944
1982 1898 1812 1901 1947
1986 1901 1813 1903 1952
1990 1903 1818 1904 1955
1994 1904 1823 1907 1957
1998 1909 1826 1908 1959
1999 1912 1831 1912 1961
2000 1916 1836 1914 1964
2002 1919 1837 1918 1969
2005 1924 1841 1919 1971
2010 1926 1845 1922 1972
2015 1929 1849 1924 1973
2020 1931 1853 1927 1974
2025 1933 1856 1928 1978
2030 1935 1857 1932 1981
2034 1936 1859 1937 1984
2037 1937 1863 1942 1986
2040 1942 1865 1946 1987
2043 1947 1867 1950 1988
2046 1949 1871 1955 1989
2047 1951 1874 1960 1993
2050 1955 1879 1962 1994
2051 1960 1883 1964 1997
2053 1961 1888 1968 2000
2056 1963 1893 1972 2001
2059 1968 1894 1974 2005
2061 1973 1895 1977 2009
2062 1977 1898 1982 2011
2065 1979 1899 1986 2016
2066 1983 1901 1989 2021
2069 1987 1906 1991 2022
2074 1991 1909 1992 2024
2078 1993 1912 1997 2025
2083 1996 1913 1999 2029
2087 1997 1915 2002 2034
2089 2001 1916 2007 2037
2093 2006 1919 2008 2039
2098 2010 1920 2010 2042
2103 2011 1923 2012 2046
2107 2014 1925 2013 2051
2109 2015 1929 2016 2056
2111 2016 1932 2020 2061
2115 2017 1937 2022 2064
2118 2019 1941 2023 2069
2121 2023 1943 2024 2074
2122 2025 1947 2027 2079
2127 2029 1950 2029 2080
2131 2032 1952 2030 2085
2135 2034 1957 2031 2088
2138 2036 1962 2032 2092
2140 2039 1967 2033 2096
2142 2040 1970 2037 2101
2144 2041 1973 2041 2106
2145 2043 1977 2044 2111
2146 2046 1982 2046 2115
2147 2048 1985 2050 2120
2149 2049 1989 2053 2125
2154 2053 1991 2054 2128
2155 2058 1995 2056 2131
2156 2063 1997 2059 2135
2157 2067 2000 2064 2137
2159 2070 2005 2068 2138
2162 2074 2010 2070 2139
2166 2077 2015 2071 2141
2171 2079 2018 2075 2142
2173 2084 2021 2076 2146
2177 2089 2023 2077 2149
2182 2091 2026 2078 2153
2187 2092 2028 2081 2157
2192 2095 2029 2085 2159
2194 2099 2034 2088 2160
2199 2102 2038 2089 2162
2204 2104 2042 2092 2163
2209 2107 2046 2094 2164
2210 2110 2050 2099 2166
2211 2113 2054 2104 2168
2213 2117 2055 2109 2171
2217 2120 2060 2111 2172
2219 2123 2064 2112 2177
2222 2127 2065 2114 2182
2226 2132 2068 2116 2183
2229 2137 2070 2117 2187
2233 2142 2072 2118 2190
2235 2145 2077 2119 2194
2237 2150 2080 2120 2198
2238 2153 2084 2125 2200
2239 2155 2089 2129 2203
2244 2156 2093 2132 2205
2249 2158 2096 2133 2209
2252 2159 2098 2137 2214
2254 2160 2102 2142 2217
2258 2161 2105 2147 2219
2263 2165 2108 2149 2220
2267 2170 2110 2150 2223
2270 2175 2111 2152 2227
2275 2179 2112 2154 2230
2279 2181 2113 2157 2235
2284 2182 2116 2159 2239
2288 2184 2119 2160 2244
2292 2186 2120 2163 2249
2296 2187 2122 2166 2254
2297 2191 2124 2171 2257
2300 2193 2128 2176 2258
2302 2198 2131 2180 2259
2304 2202 2134 2185 2260
2308 2205 2136 2190 2261
2310 2208 2137 2194 2266
2315 2210 2140 2195 2270
2316 2213 2145 2197 2274
2317 2218 2147 2200 2278
2318 2220 2150 2204 2283
2321 2222 2154 2205 2288
2325 2225 2156 2206 2293
2330 2226 2160 2208 2296
2333 2230 2162 2213 2297
2334 2234 2165 2218 2299
2335 2239 2167 2222 2302
2338 2243 2169 2227 2303
2343 2246 2173 2229 2304
2348 2250 2176 2230 2306
2352 2255 2177 2232 2309
2357 2257 2181 2233 2312
2360 2258 2185 2235 2317
2364 2261 2186 2237 2322
2369 2263 2187 2241 2325
2374 2265 2191 2244 2326
2376 2268 2196 2245 2330
2379 2270 2200 2246 2335
2380 2272 2205 2249 2339
2381 2274 2210 2252 2343
2384 2275 2215 2256 2345
2387 2276 2217 2261 2349
2388 2281 2219 2264 2353
2392 2286 2221 2267 2354
2396 2291 2224 2269 2355
2401 2295 2226 2272 2356
2403 2296 2230 2277 2359
2408 2300 2232 2278 2362
2411 2305 2234 2279 2366
2416 2307 2235 2283 2369
2420 2308 2237 2286 2374
2424 2309 2239 2289 2379
2429 2310 2242 2291 2383
2434 2311 2245 2293 2387
2436 2314 2246 2298 2391
2438 2317 2247 2302 2396
2440 2320 2248 2306 2401
2441 2322 2252 2309 2406
2444 2324 2253 2313 2411
2447 2326 2254 2318 2415
2449 2329 2255 2323 2419
2450 2334 2257 2327 2422
2452 2337 2258 2332 2426
2453 2339 2261 2337 2430
2456 2340 2265 2342 2432
2458 2344 2270 2345 2433
2459 2349 2272 2349 2436
2463 2351 2275 2354 2437
2466 2355 2276 2359 2439
2467 2357 2280 2362 2444
2468 2362 2284 2365 2446
2472 2363 2287 2367 2451
2476 2368 2289 2368 2454
2481 2370 2293 2369 2457
2484 2371 2295 2373 2462
2486 2374 2300 2374 2466
2488 2379 2304 2375 2469
2489 2384 2308 2377 2472
2491 2387 2309 2382 2476
2492 2391 2312 2387 2478
2494 2395 2315 2392 2479
2495 2398 2317 2397 2483
2496 2401 2322 2401 2485
2498 2404 2326 2406 2486
2502 2405 2328 2411 2489
2504 2406 2332 2416 2492
2506 2407 2337 2420 2495
2507 2409 2342 2423 2499
2510 2411 2346 2424 2504
2512 2414 2351 2425 2508
2514 2415 2355 2428 2513
2517 2420 2359 2429 2515
2522 2423 2360 2433 2517
2527 2425 2363 2437 2518
2531 2426 2366 2439 2523
2535 2428 2367 2444 2526
2539 2430 2368 2449 2529
2544 2433 2369 2453 2531
2546 2438 2372 2457 2532
2548 2442 2375 2462 2533
2551 2446 2380 2463 2535
2552 2451 2384 2466 2537
2554 2454 2389 2467 2541
2556 2459 2393 2468 2544
2558 2463 2398 2469 2547
2563 2466 2399 2471 2551
2565 2469 2400 2476 2555
2566 2473 2402 2481 2558
2567 2477 2404 2486 2561
2569 2482 2407 2490 2562
2572 2486 2408 2495 2564
2576 2487 2410 2500 2567
2580 2490 2411 2505 2569
2584 2492 2412 2510 2572
2587 2493 2416 2515 2574
2588 2495 2421 2519 2577
2589 2497 2425 2522 2582
2593 2498 2427 2527 2585
2596 2502 2428 2532 2587
2599 2506 2430 2537 2588
2600 2510 2433 2542 2590
2602 2511 2437 2545 2595
2605 2512 2442 2549 2597
2607 2513 2446 2554 2600
2611 2514 2451 2556 2603
2612 2516 2454 2560 2608
2613 2518 2457 2565 2612
2618 2520 2460 2569 2613
2623 2521 2463 2573 2615
2624 2525 2468 2575 2618
2628 2530 2470 2576 2621
2631 2534 2475 2577 2623
2634 2536 2479 2578 2628
2638 2541 2482 2580 2629
2640 2546 2485 2584 2630
2643 2551 2489 2586 2631
2646 2555 2494 2587 2633
2649 2559 2499 2588 2635
2652 2564 2503 2589 2637
2654 2567 2508 2590 2641
2656 2572 2512 2591 2644
2659 2576 2513 2593 2649
2662 2581 2515 2597 2650
2663 2586 2517 2601 2653
2664 2591 2519 2604 2657
2668 2596 2521 2607 2658
2669 2600 2523 2610 2663
2671 2604 2526 2611 2668
2674 2608 2527 2613 2673
2676 2611 2532 2614 2677
2678 2614 2536 2615 2682
2682 2616 2539 2616 2687
2685 2617 2544 2618 2691
2687 2618 2548 2621 2696
2689 2619 2551 2625 2701
2690 2622 2555 2627 2706
2692 2623 2560 2631 2709
2695 2624 2562 2636 2713
2700 2626 2563 2640 2716
2705 2628 2564 2644 2719
2708 2630 2565 2649 2723
2713 2632 2566 2653 2726
2718 2635 2570 2654 2728
2722 2637 2575 2657 2729
2726 2640 2580 2658 2731
2727 2645 2584 2661 2733
2729 2650 2585 2664 2737
2730 2655 2588 2666 2741
2734 2657 2593 2669 2742
2738 2660 2598 2671 2743
2742 2663 2603 2672 2745
2744 2666 2604 2676 2750
2747 2670 2605 2678 2755
2751 2673 2610 2680 2756
2754 2675 2615 2684 2757
2756 2676 2620 2688 2760
2759 2678 2625 2689 2764
2763 2679 2627 2692 2769
2766 2681 2631 2693 2774
2771 2682 2634 2695 2778
2775 2687 2635 2697 2781
2777 2690 2640 2701 2782
2779 2693 2644 2706 2783
2782 2697 2649 2707 2785
2787 2700 2651 2711 2786
2791 2703 2652 2716 2788
2794 2704 2656 2721 2790
2797 2705 2658 2725 2795
2800 2706 2660 2730 2799
2804 2707 2662 2735 2802
2807 2712 2663 2737 2806
2810 2717 2664 2739 2810
2815 2719 2665 2742 2814
2819 2722 2666 2744 2819
2824 2724 2670 2745 2822
2825 2726 2675 2748 2826
2828 2728 2676 2753 2830
2831 2729 2678 2757 2835
2832 2731 2682 2762 2838
2834 2732 2685 2766 2843
2837 2737 2689 2768 2844
2841 2739 2694 2769 2847
2842 2742 2698 2771 2852
2846 2743 2700 2774 2857
2849 2744 2704 2776 2862
2852 2748 2705 2778 2867
2856 2750 2708 2779 2872
2860 2751 2710 2782 2877
2864 2753 2711 2787 2880
2867 2754 2713 2792 2884
2869 2755 2716 2796 2889
2870 2758 2720 2798 2894
2872 2762 2723 2799 2899
2873 2767 2727 2801 2902
2876 2772 2728 2803 2906
2878 2777 2732 2806 2907
2879 2782 2735 2808 2911
2882 2787 2736 2812 2913
2887 2789 2737 2816 2916
2892 2790 2739 2820 2919
2894 2793 2740 2824 2924
2898 2794 2745 2826 2927
2899 2798 2750 2828 2930
2902 2802 2755 2829 2932
2907 2805 2756 2831 2936
2912 2806 2759 2833 2940
2915 2807 2764 2837 2942
2916 2809 2767 2842 2946
2918 2813 2768 2845 2951
2923 2816 2772 2847 2952
2928 2820 2775 2848 2954
2933 2823 2779 2849 2956
2937 2825 2784 2850 2959
2942 2829 2785 2852 2962
2946 2831 2790 2853 2965
2950 2836 2792 2854 2968
2955 2840 2795 2856 2969
2959 2843 2800 2858 2970
2963 2846 2805 2860 2971
2964 2848 2810 2863 2975
2965 2851 2812 2867 2980
2967 2854 2813 2871 2985
2971 2855 2816 2876 2987
2975 2858 2821 2878 2988
2980 2859 2825 2880 2991
2982 2864 2828 2881 2995
2983 2869 2831 2883 2999
2984 2874 2833 2886 3003
2986 2877 2834 2891 3007
2990 2878 2837 2896 3009
2995 2881 2838 2900 3011
3000 2885 2840 2903 3012
3003 2889 2841 2908 3014
3008 2891 2844 2912 3015
3011 2893 2845 2917 3019
3016 2894 2847 2920 3023
3017 2897 2851 2925 3025
3019 2898 2855 2930 3028
3020 2901 2860 2934 3030
3025 2905 2861 2937 3032
3030 2908 2862 2941 3034
3035 2912 2864 2944 3035
3036 2917 2868 2946 3038
3039 2922 2872 2948 3039
3041 2926 2873 2953 3042
3043 2930 2874 2958 3045
3045 2935 2875 2962 3048
3046 2940 2877 2965 3052
3048 2944 2882 2966 3055
3050 2949 2886 2967 3058
3053 2953 2891 2968 3060
3056 2957 2893 2969 3065
3058 2961 2894 2972 3070
3060 2965 2895 2975 3075
3061 2967 2898 2979 3080
3065 2968 2903 2982 3082
