8 0 16 2 + 0
16 0 16 2 + 1.90735e-06
32 0 16 2 + 7.62939e-06
64 0 16 2 + 7.62939e-06
128 0 16 2 + 3.05176e-05
256 0 16 2 + 6.10352e-05
512 0 16 2 + 0.000183105
1024 0 16 2 + 0.000366211
2048 0 16 2 + 0.000793457
4096 0 16 2 + 0.00195312
8192 0 16 2 + 0.00390625
16384 0 16 2 + 0.00976562
32768 0 16 2 + 0.0234375
65536 1 16 2 + 0.0390625


7 0 15 2 + 0
15 0 15 2 + 1.19209e-07
30 0 15 2 + 2.38419e-06
60 0 15 2 + 3.8147e-06
120 0 15 2 + 1.14441e-05
240 0 15 2 + 2.28882e-05
480 0 15 2 + 4.57764e-05
960 0 15 2 + 9.15527e-05
1920 0 15 2 + 0.000244141
3840 0 15 2 + 0.000610352
7680 0 15 2 + 0.000976562
15360 0 15 2 + 0.00292969
30720 0 15 2 + 0.0078125
61440 1 15 2 + 0.0117188
122880 3 15 2 + 0.0234375
245760 8 15 2 + 0.0625


30 0 20 3 + 0.000976562
60 0 20 3 + 0.00195312
120 0 20 3 + 0.0078125
240 0 20 3 + 0.015625
480 0 20 3 + 0.03125
960 0 20 3 + 0.0625


30 0 12 5 + 3.57628e-08
60 0 12 5 + 5.96046e-08
120 0 12 5 + 1.19209e-07
240 0 12 5 + 4.17233e-07
480 0 12 5 + 1.07288e-06
960 0 12 5 + 1.90735e-06
1920 0 12 5 + 3.33786e-06
3840 0 12 5 + 1.23978e-05
7680 0 12 5 + 1.52588e-05
15360 0 12 5 + 4.57764e-05
30720 1 12 5 + 9.15527e-05
61440 2 12 5 + 0.000213623
122880 4 12 5 + 0.000442505
245760 10 12 5 + 0.0012207
491520 21 12 5 + 0.00195312
983040 44 12 5 + 0.00488281
1966080 94 12 5 + 0.00976562
3932160 195 12 5 + 0.0166016
7864320 412 12 5 + 0.03125
15728640 861 12 5 + 0.0810547


8 0 16 2 - 0
16 0 16 2 - 1.19209e-07
32 0 16 2 - 2.38419e-06
64 0 16 2 - 3.8147e-06
128 0 16 2 - 1.14441e-05
256 0 16 2 - 2.28882e-05
512 0 16 2 - 4.57764e-05
1024 0 16 2 - 9.15527e-05
2048 0 16 2 - 0.000244141
4096 0 16 2 - 0.000610352
8192 0 16 2 - 0.000976562
16384 0 16 2 - 0.00292969
32768 1 16 2 - 0.0078125
65536 1 16 2 - 0.0117188
131072 3 16 2 - 0.0234375
262144 8 16 2 - 0.0625


7 0 15 2 - 0
15 0 15 2 - 2.38419e-07
30 0 15 2 - 1.19209e-07
60 0 15 2 - 4.76837e-07
120 0 15 2 - 9.53674e-07
240 0 15 2 - 4.76837e-06
480 0 15 2 - 1.14441e-05
960 0 15 2 - 2.28882e-05
1920 0 15 2 - 3.8147e-05
3840 0 15 2 - 0.00012207
7680 0 15 2 - 0.000244141
15360 0 15 2 - 0.000640869
30720 1 15 2 - 0.00195312
61440 1 15 2 - 0.00219727
122880 3 15 2 - 0.00439453
245760 8 15 2 - 0.00976562
491520 17 15 2 - 0.0234375
983040 36 15 2 - 0.0625


30 0 20 3 - 0.000366211
60 0 20 3 - 0.000976562
120 0 20 3 - 0.00195312
240 0 20 3 - 0.00390625
480 0 20 3 - 0.0117188
960 0 20 3 - 0.0195312
1920 0 20 3 - 0.078125
3840 0 20 3 - 0.09375


30 0 12 5 - 7.45058e-09
60 0 12 5 - 7.45058e-09
120 0 12 5 - 2.98023e-08
240 0 12 5 - 1.04308e-07
480 0 12 5 - 2.38419e-07
960 0 12 5 - 4.76837e-07
1920 0 12 5 - 1.19209e-06
3840 0 12 5 - 2.86102e-06
7680 0 12 5 - 5.72205e-06
15360 0 12 5 - 1.52588e-05
30720 1 12 5 - 3.05176e-05
61440 2 12 5 - 6.10352e-05
122880 4 12 5 - 0.00012207
245760 10 12 5 - 0.000244141
491520 22 12 5 - 0.000488281
983040 45 12 5 - 0.000976562
1966080 96 12 5 - 0.00244141
3932160 200 12 5 - 0.00488281
7864320 414 12 5 - 0.00976562
15728640 877 12 5 - 0.0202637
31457280 1801 12 5 - 0.046875
62914560 3700 12 5 - 0.09375


