7 0 15 2 + 0
7 0 15 2 - 0
8 0 16 2 + 0
8 0 16 2 - 0
15 0 15 2 + 2.38419e-07
15 0 15 2 - 2.98023e-08
16 0 16 2 + 2.38419e-07
16 0 16 2 - 1.19209e-07
30 0 15 2 + 2.38419e-07
30 0 15 2 - 1.19209e-07
30 0 20 3 + 0.000366211
30 0 20 3 - 9.15527e-05
30 0 12 5 + 3.72529e-09
30 0 12 5 - 1.86265e-09
32 0 16 2 + 9.53674e-07
32 0 16 2 - 3.57628e-07
60 0 15 2 + 4.76837e-07
60 0 15 2 - 1.19209e-07
60 0 20 3 + 0.000488281
60 0 20 3 - 0.000244141
60 0 12 5 + 7.45058e-09
60 0 12 5 - 5.58794e-09
64 0 16 2 + 1.90735e-06
64 0 16 2 - 3.57628e-07
120 0 15 2 + 9.53674e-07
120 0 15 2 - 3.57628e-07
120 0 20 3 + 0.00195312
120 0 20 3 - 0.000411987
120 0 12 5 + 2.98023e-08
120 0 12 5 - 6.0536e-09
128 0 16 2 + 7.62939e-06
128 0 16 2 - 2.14577e-06
240 0 15 2 + 3.8147e-06
240 0 15 2 - 4.76837e-07
240 0 20 3 + 0.00585938
240 0 20 3 - 0.000572205
240 0 12 5 + 8.9407e-08
240 0 12 5 - 1.49012e-08
256 0 16 2 + 1.52588e-05
256 0 16 2 - 1.90735e-06
480 0 15 2 + 7.62939e-06
480 0 15 2 - 1.07288e-06
480 0 20 3 + 0.0078125
480 0 20 3 - 0.000976562
480 0 12 5 + 2.38419e-07
480 0 12 5 - 2.04891e-08
512 0 16 2 + 6.10352e-05
512 0 16 2 - 4.76837e-06
960 0 15 2 + 3.05176e-05
960 0 15 2 - 1.90735e-06
960 0 20 3 + 0.0208333
960 0 20 3 - 0.00195312
960 0 12 5 + 4.76837e-07
960 0 12 5 - 2.98023e-08
1024 0 16 2 + 9.15527e-05
1024 0 16 2 - 5.72205e-06
1920 0 15 2 + 6.10352e-05
1920 0 15 2 - 2.86102e-06
1920 0 20 3 + 0.0677083
1920 0 20 3 - 0.00463867
1920 0 12 5 + 1.43051e-06
1920 0 12 5 - 5.96046e-08
2048 0 16 2 + 0.000183105
2048 0 16 2 - 1.19209e-05
3840 0 15 2 + 0.00012207
3840 0 15 2 - 4.52995e-06
3840 0 20 3 - 0.00537109
3840 0 12 5 + 1.90735e-06
3840 0 12 5 - 1.04308e-07
4096 0 16 2 + 0.000488281
4096 0 16 2 - 1.62125e-05
7680 0 15 2 + 0.000244141
7680 0 15 2 - 7.62939e-06
7680 0 20 3 - 0.00830078
7680 0 12 5 + 7.62939e-06
7680 0 12 5 - 1.19209e-07
8192 0 16 2 + 0.000976562
8192 0 16 2 - 2.86102e-05
15360 0 15 2 + 0.000610352
15360 0 15 2 - 1.14441e-05
15360 0 20 3 - 0.0195312
15360 0 12 5 + 1.14441e-05
15360 0 12 5 - 2.38419e-07
16384 0 16 2 + 0.00244141
16384 0 16 2 - 4.57764e-05
30720 0 15 2 + 0.00146484
30720 1 15 2 - 1.7643e-05
30720 0 20 3 - 0.0234375
30720 1 12 5 + 3.05176e-05
30720 1 12 5 - 3.27826e-07
32768 0 16 2 + 0.00585938
32768 0 16 2 - 8.7738e-05
61440 1 15 2 + 0.00244141
61440 1 15 2 - 3.05176e-05
61440 1 20 3 - 0.0390625
61440 2 12 5 + 5.34058e-05
61440 2 12 5 - 4.54485e-07
65536 1 16 2 + 0.0117188
65536 1 16 2 - 0.00012207
122880 3 15 2 + 0.0078125
122880 3 15 2 - 4.19617e-05
122880 2 20 3 - 0.0742188
122880 4 12 5 + 0.000106812
122880 4 12 5 - 8.34465e-07
131072 3 16 2 + 0.0302734
131072 3 16 2 - 0.000183105
245760 7 15 2 + 0.015625
245760 8 15 2 - 8.01086e-05
245760 10 12 5 + 0.000305176
245760 10 12 5 - 1.3113e-06
262144 8 16 2 + 0.0507812
262144 8 16 2 - 0.000274658
491520 16 15 2 + 0.0273438
491520 17 15 2 - 0.00012207
491520 22 12 5 + 0.000488281
491520 22 12 5 - 1.80304e-06
524288 17 16 2 - 0.000457764
983040 35 15 2 + 0.0625
983040 38 15 2 - 0.000152588
983040 46 12 5 + 0.0012207
983040 46 12 5 - 3.09944e-06
1048576 38 16 2 - 0.000610352
1966080 84 15 2 - 0.000259399
1966080 103 12 5 - 4.35114e-06
1966080 98 12 5 + 0.00253296
2097152 80 16 2 - 0.000976562
3932160 169 15 2 - 0.000366211
3932160 207 12 5 + 0.00585938
3932160 214 12 5 - 6.91414e-06
4194304 169 16 2 - 0.00146484
7864320 323 15 2 - 0.000549316
7864320 430 12 5 + 0.0117188
7864320 431 12 5 - 1.09673e-05
8388608 325 16 2 - 0.00231934
15728640 712 15 2 - 0.000976562
15728640 897 12 5 - 1.71661e-05
15728640 899 12 5 + 0.0273438
16777216 713 16 2 - 0.00341797
31457280 1474 15 2 - 0.00134277
31457280 1840 12 5 + 0.0546875
31457280 1840 12 5 - 2.28882e-05
33554432 1467 16 2 - 0.00585938
62914560 2997 15 2 - 0.00201416
62914560 3695 12 5 - 3.43323e-05
67108864 3143 16 2 - 0.0078125
125829120 6187 15 2 - 0.00322723
125829120 7601 12 5 - 5.34058e-05
134217728 6355 16 2 - 0.0117188
251658240 12489 15 2 - 0.00463867
251658240 15706 12 5 - 7.62939e-05
268435456 12773 16 2 - 0.0205078
503316480 25213 15 2 - 0.0065918
536870912 25195 16 2 - 0.0273438
